101,184043,1,0,0
101,184060,2,0,0
101,184061,3,0,0
101,184011,4,0,0
101,184012,5,0,0
101,184013,6,0,0
101,184014,7,0,0
101,184015,8,0,0
101,184016,9,0,0
101,184017,10,0,0
101,184018,11,0,0
101,184019,12,0,0
101,184020,13,0,0
101,184021,14,0,0
101,184022,15,0,0
101,184023,16,0,0
101,184006,17,0,0
101,184007,18,0,0
101,184008,19,0,0
101,184009,20,0,0
101,184000,21,0,0
101,184001,22,0,0
101,184002,23,0,0
101,184003,24,0,0
101,184004,25,0,0
101,184160,26,0,0
200,184114,1,0,0
200,184116,2,0,0
200,184117,3,0,0
200,184118,4,0,0
200,184119,5,0,0
200,184120,6,0,0
200,184121,7,0,0
200,184122,8,0,0
200,184123,9,0,0
200,184124,10,0,0
200,184125,11,0,0
200,184126,12,0,0
200,184127,13,0,0
200,184128,14,0,0
200,184129,15,0,0
200,184130,16,0,0
200,184131,17,0,0
200,184132,18,0,0
200,184133,19,0,0
200,184134,20,0,0
200,184135,21,0,0
200,184136,22,0,0
200,184110,23,0,0
200,184098,24,0,0
200,184099,25,0,0
200,184070,26,0,0
200,184071,27,0,0
200,184079,28,0,0
200,184080,29,0,0
200,184081,30,0,0
200,184082,31,0,0
200,184158,32,0,0
200,184043,33,1,1
201,184043,1,0,0
201,184060,2,0,0
201,184061,3,0,0
201,184159,4,0,0
201,184064,5,0,0
201,184065,6,0,0
201,184066,7,0,0
201,184067,8,0,0
201,184068,9,0,0
201,184069,10,0,0
201,184101,11,0,0
201,184102,12,0,0
201,184111,13,0,0
201,184112,14,0,0
201,184113,15,0,0
201,184139,16,0,0
201,184115,17,0,0
201,184114,18,1,1
300,184043,1,0,0
300,184044,2,0,0
300,184045,3,0,0
300,184046,4,0,0
300,184047,5,0,0
300,184048,6,0,0
300,184049,7,0,0
300,184050,8,0,0
300,184051,9,0,0
300,184052,10,0,0
300,184140,11,0,0
300,184055,12,0,0
300,184056,13,0,0
300,184063,14,0,0
300,184060,15,0,0
300,184061,16,0,0
300,184030,17,0,0
300,184031,18,0,0
300,184032,19,0,0
300,184160,20,0,0
300,184034,21,0,0
300,184035,22,0,0
300,184036,23,0,0
300,184038,24,0,0
300,184039,25,0,0
300,184141,26,0,0
300,184041,27,0,0
300,184042,28,0,0
300,184011,29,0,0
300,184027,30,0,0
300,184028,31,0,0
300,184024,32,0,0
300,184025,33,0,0
300,184029,34,0,0
3000,184043,1,0,0
3000,184147,2,0,0
3000,184148,3,0,0
3000,184149,4,0,0
3000,184150,5,0,0
3000,184151,6,0,0
3000,184153,7,0,0
3000,184154,8,0,0
3000,184152,9,0,0
3000,184155,10,0,0
3000,184156,11,0,0
3000,184157,12,1,1
3000,184146,13,1,1
3001,184157,1,0,0
3001,184146,2,0,0
3001,184149,3,0,0
3001,184150,4,0,0
3001,184153,5,0,0
3001,184154,6,0,0
3001,184152,7,0,0
3001,184155,8,0,0
3001,184156,9,0,0
3001,184043,10,1,1
3100,184145,1,0,0
3100,184142,2,0,0
3100,184143,3,0,0
3100,184144,4,0,0
1000200,184114,1,0,0
1000200,184116,2,0,0
1000200,184117,3,0,0
1000200,184118,4,0,0
1000200,184119,5,0,0
1000200,184120,6,0,0
1000200,184121,7,0,0
1000200,184122,8,0,0
1000200,184123,9,0,0
1000200,184124,10,0,0
1000200,184125,11,0,0
1000200,184126,12,0,0
1000200,184127,13,0,0
1000200,184128,14,0,0
1000200,184129,15,0,0
1000200,184130,16,0,0
1000200,184131,17,0,0
1000200,184132,18,0,0
1000200,184133,19,0,0
1000200,184134,20,0,0
1000200,184135,21,0,0
1000200,184136,22,0,0
1000200,184110,23,0,0
1000200,184098,24,0,0
1000200,184099,25,0,0
1000200,184070,26,0,0
1000200,184071,27,0,0
1000200,184073,28,0,0
1000200,184075,29,0,0
1000200,184076,30,0,0
1000200,184077,31,0,0
1000200,184078,32,0,0
1000200,184079,33,0,0
1000200,184080,34,0,0
1000200,184081,35,0,0
1000200,184082,36,0,0
1000200,184158,37,0,0
1000200,184043,38,1,1
1000201,184043,1,0,0
1000201,184060,2,0,0
1000201,184061,3,0,0
1000201,184159,4,0,0
1000201,184064,5,0,0
1000201,184065,6,0,0
1000201,184066,7,0,0
1000201,184067,8,0,0
1000201,184073,9,0,0
1000201,184075,10,0,0
1000201,184076,11,0,0
1000201,184077,12,0,0
1000201,184078,13,0,0
1000201,184068,14,0,0
1000201,184069,15,0,0
1000201,184101,16,0,0
1000201,184102,17,0,0
1000201,184111,18,0,0
1000201,184112,19,0,0
1000201,184113,20,0,0
1000201,184139,21,0,0
1000201,184115,22,0,0
1000201,184114,23,1,1
2000200,184114,1,0,0
2000200,184116,2,0,0
2000200,184117,3,0,0
2000200,184118,4,0,0
2000200,184119,5,0,0
2000200,184120,6,0,0
2000200,184121,7,0,0
2000200,184122,8,0,0
2000200,184123,9,0,0
2000200,184124,10,0,0
2000200,184125,11,0,0
2000200,184126,12,0,0
2000200,184127,13,0,0
2000200,184128,14,0,0
2000200,184129,15,0,0
2000200,184130,16,0,0
2000200,184131,17,0,0
2000200,184132,18,0,0
2000200,184133,19,0,0
2000200,184134,20,0,0
2000200,184135,21,0,0
2000200,184136,22,0,0
2000200,184103,23,0,0
2000200,184104,24,0,0
2000200,184105,25,0,0
2000200,184106,26,0,0
2000200,184107,27,0,0
2000200,184108,28,0,0
2000200,184109,29,0,0
2000200,184110,30,0,0
2000200,184084,31,0,0
2000200,184085,32,0,0
2000200,184086,33,0,0
2000200,184088,34,0,0
2000200,184089,35,0,0
2000200,184091,36,0,0
2000200,184092,37,0,0
2000200,184093,38,0,0
2000200,184094,39,0,0
2000200,184095,40,0,0
2000200,184097,41,0,0
2000200,184098,42,0,0
2000200,184099,43,0,0
2000200,184070,44,0,0
2000200,184071,45,0,0
2000200,184079,46,0,0
2000200,184080,47,0,0
2000200,184081,48,0,0
2000200,184082,49,0,0
2000200,184158,50,0,0
2000200,184043,51,1,1
2000201,184043,1,0,0
2000201,184060,2,0,0
2000201,184061,3,0,0
2000201,184159,4,0,0
2000201,184064,5,0,0
2000201,184065,6,0,0
2000201,184066,7,0,0
2000201,184067,8,0,0
2000201,184068,9,0,0
2000201,184069,10,0,0
2000201,184101,11,0,0
2000201,184084,12,0,0
2000201,184085,13,0,0
2000201,184086,14,0,0
2000201,184088,15,0,0
2000201,184089,16,0,0
2000201,184091,17,0,0
2000201,184092,18,0,0
2000201,184093,19,0,0
2000201,184094,20,0,0
2000201,184095,21,0,0
2000201,184097,22,0,0
2000201,184102,23,0,0
2000201,184103,24,0,0
2000201,184104,25,0,0
2000201,184105,26,0,0
2000201,184106,27,0,0
2000201,184107,28,0,0
2000201,184108,29,0,0
2000201,184109,30,0,0
2000201,184111,31,0,0
2000201,184112,32,0,0
2000201,184113,33,0,0
2000201,184139,34,0,0
2000201,184115,35,0,0
2000201,184114,36,1,1
18000101,184043,1,0,0
18000101,184060,2,0,0
18000101,184061,3,0,0
18000101,184011,4,0,0
18000101,184006,5,0,0
18000101,184007,6,0,0
18000101,184008,7,0,0
18000101,184009,8,0,0
18000101,184000,9,0,0
18000101,184001,10,0,0
18000101,184002,11,0,0
18000101,184003,12,0,0
18000101,184004,13,0,0
18000101,184012,14,0,0
18000101,184013,15,0,0
18000101,184014,16,0,0
18000101,184015,17,0,0
18000101,184016,18,0,0
18000101,184017,19,0,0
18000101,184018,20,0,0
18000101,184019,21,0,0
18000101,184020,22,0,0
18000101,184021,23,0,0
18000101,184022,24,0,0
18000101,184023,25,0,0
18000101,184160,26,0,0
