101,'5478',802,,1,3,,,0,125,,2,3,,,0,130,,3,3,,,0,145,,4,3,,,0,105,,5,3,,,0,105,,6,3,,,0,100,,7,3,,,0,105,,9,3,,,0,100,,8,3,0,7 8 9,0
101,'5480',715,,24,3,,,0,87,,21,3,,,0,125,,22,3,,,0,105,,20,3,,,0,25,,19,3,,,0,145,,18,3,,,0,105,,17,3,,,0,105,,16,3,,,0,95,,15,3,,,0,110,,14,3,,,0,115,,10,3,0,7 8 9,0,85,,11,3,0,7 8 9,0,90,,12,3,,,0,120,,13,3,,,0
201,'5478',836,,38,3,,,0,265,,39,3,,,0,105,,40,3,,,0,105,,41,3,,,0,210,,42,3,,,0,200,,43,3,,,0
201,'5480',711,,52,3,,,0,130,,51,3,,,0,260,,50,3,,,0,110,,49,3,,,0,100,,48,3,,,0,215,,47,3,,,0,195,,44,3,,,0,95,,45,3,,,0,125,,46,3,,,0
300,'5478',1035,,53,16,,,0,97,,57,16,,,0,105,,54,16,,,0,105,,58,16,,,0,205,,55,16,,,0,105,,56,16,,,0
300,'5480',855,,69,16,,,0,147,,68,16,,,0,130,,67,16,,,0,105,,66,16,,,0,105,,65,16,,,0,105,,64,16,,,0,95,,63,16,,,0,110,,60,16,,,0
1000201,'5478',1416,,88,3,,,0,195,,87,3,,,0
1000201,'5480',1411,,90,3,,,0,200,,89,3,,,0
2000201,'5478',956,,95,3,,,0
2000201,'5480',741,,97,3,,,0,215,,96,3,,,0
18000101,'5480',1452,,98,3,0,10 11 2 12 13,0
