200,'5478',853,,25,1,,,0,169,,26,1,,,0,201,,27,1,,,0,216,,28,1,,,0,99,,29,1,,,0
200,'5480',728,,37,1,,,0,129,,36,1,,,0,165,,35,1,,,0,206,,34,1,,,0,206,,33,1,,,0,109,,32,1,,,0,290,,30,1,,,0,125,,31,1,,,0
201,'5478',853,,38,18,4,,0,265,,39,18,4,,0,105,,40,18,4,,0,105,,41,18,4,,0,210,,42,18,4,,0,200,,43,18,4,,0
201,'5480',728,,52,18,4,,0,129,,51,18,4,,0,261,,50,18,4,,0,110,,49,18,4,,0,100,,48,18,4,,0,215,,47,18,4,,0,195,,44,18,4,,0,95,,45,18,4,,0,125,,46,18,4,,0
1000200,'5478',1118,,82,1,,,0,620,,83,1,,,0
1000200,'5480',807,,86,1,,,0,311,,85,1,,,0,620,,84,1,,,0
1000201,'5478',1439,,88,23,4,,0,195,,87,23,4,,0
1000201,'5480',1434,,90,23,4,,0,200,,89,23,4,,0
2000200,'5478',1328,,91,1,,,0,306,,92,1,,,0
2000200,'5480',1328,,94,1,,,0,306,,93,1,,,0
2000201,'5478',1022,,95,36,4,,0
2000201,'5480',807,,97,36,4,,0,215,,96,36,4,,0
