101,'4616',801,,1,2,,,0,125,,2,2,,,0,130,,3,2,,,0,145,,4,2,,,0,105,,5,2,,,0,105,,6,2,,,0,100,,7,2,,,0,105,,9,2,,,0,100,,8,2,0,7 8 9,0
101,'4653',714,,24,2,,,0,87,,21,2,,,0,125,,22,2,,,0,105,,20,2,,,0,25,,19,2,,,0,145,,18,2,,,0,105,,17,2,,,0,105,,16,2,,,0,95,,15,2,,,0,110,,14,2,,,0,115,,10,2,0,7 8 9,0,85,,11,2,0,7 8 9,0,90,,12,2,,,0,120,,13,2,,,0
201,'4616',836,,38,2,,,0,265,,39,2,,,0,105,,40,2,,,0,105,,41,2,,,0,210,,42,2,,,0,200,,43,2,,,0
201,'4653',711,,52,2,,,0,130,,51,2,,,0,260,,50,2,,,0,110,,49,2,,,0,100,,48,2,,,0,215,,47,2,,,0,195,,44,2,,,0,95,,45,2,,,0,125,,46,2,,,0
300,'4616',1035,,53,15,,,0,97,,57,15,,,0,105,,54,15,,,0,105,,58,15,,,0,205,,55,15,,,0,105,,56,15,,,0
300,'4653',855,,69,15,,,0,147,,68,15,,,0,130,,67,15,,,0,105,,66,15,,,0,105,,65,15,,,0,105,,64,15,,,0,95,,63,15,,,0,110,,60,15,,,0
1000201,'4616',1416,,88,2,,,0,195,,87,2,,,0
1000201,'4653',1411,,90,2,,,0,200,,89,2,,,0
2000201,'4616',956,,95,2,,,0
2000201,'4653',741,,97,2,,,0,215,,96,2,,,0
18000101,'4653',1451,,98,2,0,10 11 2 12 13,0
