101,'4616',800,,1,1,,,0,27,,1,27,4,,0,98,,2,1,,,0,27,,2,27,4,,0,103,,3,1,,,0,67,,3,27,4,,0,78,,4,1,,,0,27,,4,27,4,,0,78,,5,1,,,0,27,,5,27,4,,0,78,,6,1,,,0,27,,6,27,4,,0,73,,7,1,,,0,27,,7,27,4,,0,78,,9,1,,,0,27,,9,27,4,,0,73,,8,1,0,7 8 9,0
101,'4653',710,,23,24,4,,0,3,,24,1,,,0,27,,24,27,4,,0,60,,21,1,,,0,27,,21,27,4,,0,98,,22,1,,,0,27,,22,27,4,,0,78,,20,1,,,0,25,,19,1,,,0,2,,20,27,4,,0,65,,19,27,4,,0,78,,18,1,,,0,27,,18,27,4,,0,78,,17,1,,,0,27,,17,27,4,,0,78,,16,1,,,0,27,,16,27,4,,0,68,,15,1,,,0,27,,15,27,4,,0,83,,14,1,,,0,27,,14,27,4,,0,88,,10,1,0,7 8 9,0,85,,11,1,0,7 8 9,0,90,,12,1,,,0,27,,12,27,4,,0,93,,13,1,,,0,27,,13,27,4,,0
200,'4616',921,,25,33,4,,0,129,,26,33,4,,0,201,,27,33,4,,0,256,,28,33,4,,0,99,,29,33,4,,0
200,'4653',756,,37,33,4,,0,169,,36,33,4,,0,125,,35,33,4,,0,206,,34,33,4,,0,246,,33,33,4,,0,109,,32,33,4,,0,290,,30,33,4,,0,124,,31,33,4,,0
201,'4616',835,,38,1,,,0,265,,39,1,,,0,105,,40,1,,,0,105,,41,1,,,0,210,,42,1,,,0,200,,43,1,,,0
201,'4653',710,,52,1,,,0,130,,51,1,,,0,260,,50,1,,,0,110,,49,1,,,0,100,,48,1,,,0,215,,47,1,,,0,195,,44,1,,,0,95,,45,1,,,0,125,,46,1,,,0
300,'4616',1025,,53,1,,,0,30,,53,35,4,,0,67,,57,1,,,0,30,,57,35,4,,0,75,,54,1,,,0,30,,54,35,4,,0,75,,58,1,,,0,70,,58,35,4,,0,135,,55,1,,,0,70,,55,35,4,,0,35,,56,1,,,0,70,,56,35,4,,0,43,,59,20,4,,0
300,'4653',845,,69,1,,,0,70,,69,35,4,,0,37,,68,1,,,0,70,,68,35,4,,0,100,,67,1,,,0,30,,67,35,4,,0,75,,66,1,,,0,30,,66,35,4,,0,75,,65,1,,,0,70,,65,35,4,,0,35,,64,1,,,0,70,,64,35,4,,0,25,,63,1,,,0,70,,63,35,4,,0,40,,60,1,,,0,70,,60,35,4,,0,98,,61,20,4,,0,45,,62,20,4,,0
3000,'4662',700,,70,1,0,6,0,900,,71,1,0,6,0
3000,'4669',700,,72,1,,,0,900,,73,1,,,0
3001,'4662',930,,74,9,4,,0,900,,75,2,4,,0
3001,'4669',930,,77,10,4,,0,900,,76,2,4,,0
1000200,'4616',1152,,82,38,4,,0,660,,83,38,4,,0
1000200,'4653',841,,86,38,4,,0,311,,85,38,4,,0,660,,84,38,4,,0
1000201,'4616',1415,,88,1,0,14 11 2,0,195,,87,1,0,14 11 2,0
1000201,'4653',1410,,90,1,0,14 11 2,0,200,,89,1,0,14 11 2,0
2000200,'4616',1406,,91,51,4,,0,306,,92,51,4,,0
2000200,'4653',1406,,94,51,4,,0,306,,93,51,4,,0
2000201,'4616',955,,95,1,0,14 11 2,0
2000201,'4653',740,,97,1,0,14 11 2,0,215,,96,1,0,14 11 2,0
18000101,'4653',1450,,98,1,0,10 11 2 12 13,0,70,,98,27,4,,0
