1,101,'4616',1,2,3,4,5,6,7,8,9
1,101,'4653',10,11,12,13,14,15,16,17,18,19,20,21,22,23,24
2,200,'4616',25,26,27,28,29
2,200,'4653',30,31,32,33,34,35,36,37
2,201,'4616',38,39,40,41,42,43
2,201,'4653',44,45,46,47,48,49,50,51,52
3,300,'4616',53,54,55,56,57,58,59
3,300,'4653',60,61,62,63,64,65,66,67,68,69
30,3000,'4662',70,71
30,3000,'4669',72,73
30,3001,'4662',74,75
30,3001,'4669',76,77
31,3100,'4665',78,79,80,81
10002,1000200,'4616',82,83
10002,1000200,'4653',84,85,86
10002,1000201,'4616',87,88
10002,1000201,'4653',89,90
20002,2000200,'4616',91,92
20002,2000200,'4653',93,94
20002,2000201,'4616',95
20002,2000201,'4653',96,97
180001,18000101,'4653',98
